INDEX
000100001001101100 ·

Prior 1111011101 pagiuam, poan 1111001· messurus 11110 aaa

Aesculapiual, 10. 010110 11011 171, 23.
Agamemnonl, 13. ,0001660111οε 2, 613. 38, 10.
Aj ax 101, 33. Dexius 172, 10.
Δ610010111061262,24. 311,20. 00011011110010100011
Andreas 160, 9. 168, 3. 109, 7. 1400. 270, 26. 359,.29
232, 38. 3659, 23. Diogenes 175, 26. 200, 626
Andron 177, 206251, 2500010010. Dionysius 228, 8. 259, 29
0000001006). 255,12,16. 8000000102, 13.
Antigoni Regis 1101116001, 0111]- Ep 100101 100, 25.
sippi discipulus 10015. 3101111001012, 18. 32711·
Apollonius 0001110012, 30. 4, 37. 8,29. 9, 28. 101116· .
Apollonii uuo 00101. 79, 10. 80, 93 01, 101
Apollonius Mys 1609. 196109,7.6135,16. 14111
Apollophanes 167, 364. 146, 20. 158, 27. 61005 11
Arabs 1111610010116022. 38. 254, 306 ’
Archagathus 176, 26. Euelpides 229, 1. 233, 1111
Aristo ganas 171, 63. 234, 36. 236, 22.
Ariston 171, 33. Euelpistus 263, 3.
Δ1501οΞοἐ0601172ὲ36ὶ83ἒὲ8. ἐξ, ῗίῧ). ἓὶι11166010οἔ ἑῦ16,1,0.
aumas

56, 34. 58, 23, 31. 60, 30. Gorg· 101262, 23. 290, 20
62, 25. 78, 21. 361. 79, 24. 80, Hecataeus 1675,.4 199, 32.
’635 81, 28. 87, 18. 95, ll. 99, Ηο00011001Το10111010162311
4,15.,6,10026.6107,267.115, 17 96,18.184,26.6,27511
28. 128, 8. 132, 76. 135, 3. 359, 30, 34. ÷
151, 00. ’100, 11. ’0410οἶ01111106,00.000,04 1111
Α11101161011184,21.Ηο101011234,18.
*Attalum (medicam.) 1743. 228, Heron 262, 264. 290, 22.
16. 1101005110162, 18. 3, 22. 031
Βο611101 178, 21. 5, 360. 91, 4, 6.17 199, 9. 27011
Cassius 11, 38. 147, 20. 184, 35. Η106101 235, 31.
Oh 0010001218 1066,.14 171,.21 Hi ppoc'rates2, 14. 322111
· 016600622811. 23017 23127 6,.25 8,29.11,6.18 27,
Cleophantus 958 592. 80627. 81, 10. 91, 561
01010024013.6254,37.1165,13.6120,10. 149, 26 '¹³¹

 

