1131111 1131111311 1331313333 373

7. 262,19. 333,27. 341,23. Ρ11111311113Ε113133106,17.
355, 11. 356, 21. 359, 28, 33. Ρ1111311ῃ,2281.

362, 10. Philocrates 174, 28. 199, 31.
[omerus 115. Philotas 173,16. '

>llas 180, 8. Philotimus 359, 29. ’
13113333 221, 24. Philoxenus 262, 21.
11833113174,8.180,.4 Ρ11313111333 4, 18. ,

113133 167, 29 Ροᾶ311111131, 12.

1331133111, 13. = Polyarchus 168, 23. 343, 24.
13111113 168, 35. Polyidos 177, 13119221.
333130133121313313313 3333333333 31311 111,
20. 360, 31. . 20, 35. 359, 33.
[3331333133 247, 1. Ρ1313111331131131181,18.
tenophilus 241, 7. · Ptolemaeus 241, 5.

1311311ο1113 106, 25. Pythagoras 2, 13.

tithridates 181, 27. 8313113112, 27. 220, 20.
13331133 168, 30. Sosagorae 171, 18.

tyron 220, 3'6. 221, 28. Sostratus 262, 23. 267, 28. 290,
Nicon 16912 (311133. 3111..) 17.

170, 37. Tharrias 104, 25. 109, 2.
1113113 168, 26. 230, 19. 231, 16, Τ113111133112, 38. 9, 31. 10, 33.
27. 359, 30, 33. 79, 26. 81, 34. 148, 20. 240,19.
113111111734 178, 24. Theodotus 2'28, 21, 25.
1111111131359, 33. Theoxenus 171, 38.

2133133 101, 34. Τ111133113 180, 18.

Panthemus 1691. Tryphon 3131 225, 1. 263, 2.
2311311915 23113111, 9.

1Ρ111131311133231,28.234,13.23111111318118.

 

